""\WALLEY`(?=,`)"";""\WALLEY`(?=/`)"";""\WALLEY`(?=\s`)"";""\WALLY`(?=,`)"";""\WALLY`(?=/`)"";""\WALLY`(?=\s`)"";""\WALY`(?=,`)"";""\WALY`(?=/`)"";""\WALLEE`(?=,`)"";""\WALY`(?=\s`)"";""\WALLEE`(?=/`)"";""\WALLEE`(?=\s`)""	 Alley	3
""\&"";""\/""	 and 	3
""\WANEX`(?=\s`)"";""\WANNEX`(?=,`)"";""\WANNEX`(?=/`)"";""\WANNEX`(?=\s`)"";""\WANNX`(?=,`)"";""\WANNX`(?=/`)"";""\WANNX`(?=\s`)"";""\WANX`(?=,`)"";""\WANX`(?=/`)"";""\WANEX`(?=,`)"";""\WANX`(?=\s`)"";""\WANEX`(?=/`)""	 Annex	3
""\WARC`(?=,`)"";""\WARC`(?=/`)"";""\WARC`(?=\s`)"";""\WARCADE`(?=,`)"";""\WARCADE`(?=/`)"";""\WARCADE`(?=\s`)""	 Arcade	3
""\WAVE`(?=\s`)"";""\WAVN`(?=/`)"";""\WAVEN`(?=,`)"";""\WAVN`(?=\s`)"";""\WAVEN`(?=/`)"";""\WAVNUE`(?=,`)"";""\WAVEN`(?=\s`)"";""\WAVNUE`(?=/`)"";""\WAVENU`(?=,`)"";""\WAVNUE`(?=\s`)"";""\WAVENU`(?=/`)"";""\WAV`(?=,`)"";""\WAVENU`(?=\s`)"";""\WAV`(?=/`)"";""\WAVENUE`(?=,`)"";""\WAV`(?=\s`)"";""\WAVENUE`(?=/`)"";""\WAVE`(?=,`)"";""\WAVENUE`(?=\s`)"";""\WAVE`(?=/`)"";""\WAVN`(?=,`)"";""\bAve\b.?"";""\bAv\b.?""	 Ave.	3
""\WBAYOU`(?=\s`)"";""\WBYU`(?=,`)"";""\WBYU`(?=/`)"";""\WBYU`(?=\s`)"";""\WBAYOO`(?=,`)"";""\WBAYOO`(?=/`)"";""\WBAYOO`(?=\s`)"";""\WBAYOU`(?=,`)"";""\WBAYOU`(?=/`)""	 Bayoo	3
""\WBCH`(?=,`)"";""\WBCH`(?=/`)"";""\WBCH`(?=\s`)"";""\WBEACH`(?=,`)"";""\WBEACH`(?=/`)"";""\WBEACH`(?=\s`)""	 Beach	3
""\WBND`(?=,`)"";""\WBND`(?=/`)"";""\WBND`(?=\s`)"";""\WBEND`(?=,`)"";""\WBEND`(?=/`)"";""\WBEND`(?=\s`)"";""\bBEN\b"";""\bBND\b""	 Bend	3
""\WBLUF`(?=,`)"";""\WBLUF`(?=/`)"";""\WBLUF`(?=\s`)"";""\WBLUFF`(?=,`)"";""\WBLUFF`(?=/`)"";""\WBLF`(?=,`)"";""\WBLUFF`(?=\s`)"";""\WBLF`(?=/`)"";""\WBLF`(?=\s`)""	 Bluff	3
""\WBLUFFS`(?=,`)"";""\WBLUFFS`(?=/`)"";""\WBLFS`(?=,`)"";""\WBLUFFS`(?=\s`)"";""\WBLFS`(?=/`)"";""\WBLFS`(?=\s`)""	 Bluffs	3
""\WBOTTOM`(?=,`)"";""\WBTM`(?=/`)"";""\WBOTTOM`(?=/`)"";""\WBTM`(?=\s`)"";""\WBOTTOM`(?=\s`)"";""\WBOT`(?=,`)"";""\WBOT`(?=/`)"";""\WBOT`(?=\s`)"";""\WBOTTM`(?=,`)"";""\WBOTTM`(?=/`)"";""\WBOTTM`(?=\s`)"";""\WBTM`(?=,`)""	 Bottom	3
""\WBLVD`(?=/`)"";""\WBOULV`(?=\s`)"";""\WBLVD`(?=\s`)"";""\WBOUL`(?=,`)"";""\WBOUL`(?=/`)"";""\WBOUL`(?=\s`)"";""\WBOULEVARD`(?=,`)"";""\WBOULEVARD`(?=/`)"";""\WBOULEVARD`(?=\s`)"";""\WBOULV`(?=,`)"";""\WBLVD`(?=,`)"";""\WBOULV`(?=/`)"";""\bblvd\b"";""\bBL\b"";""\bblv\b"";""\bBV\b""	 Boulevard	3
""\WBRNCH`(?=,`)"";""\WBR`(?=,`)"";""\WBRNCH`(?=/`)"";""\WBR`(?=/`)"";""\WBRNCH`(?=\s`)"";""\WBR`(?=\s`)"";""\WBRANCH`(?=,`)"";""\WBRANCH`(?=/`)"";""\WBRANCH`(?=\s`)""	 Branch	3
""\WBRG`(?=,`)"";""\WBRG`(?=/`)"";""\WBRG`(?=\s`)"";""\WBRIDGE`(?=,`)"";""\WBRIDGE`(?=/`)"";""\WBRIDGE`(?=\s`)"";""\WBRDGE`(?=,`)"";""\WBRDGE`(?=/`)"";""\WBRDGE`(?=\s`)""	 Bridge	3
""\WBROOK`(?=,`)"";""\WBROOK`(?=/`)"";""\WBRK`(?=,`)"";""\WBROOK`(?=\s`)"";""\WBRK`(?=/`)"";""\WBRK`(?=\s`)"";""\bBr\b""	 Brook	3
""\WBRKS`(?=\s`)"";""\WBROOKS`(?=,`)"";""\WBROOKS`(?=/`)"";""\WBRKS`(?=,`)"";""\WBROOKS`(?=\s`)"";""\WBRKS`(?=/`)""	 Brooks	3
""\WBG`(?=/`)"";""\WBG`(?=\s`)"";""\WBURG`(?=,`)"";""\WBURG`(?=/`)"";""\WBURG`(?=\s`)"";""\WBG`(?=,`)""	 Burg	3
""\WBGS`(?=,`)"";""\WBGS`(?=/`)"";""\WBGS`(?=\s`)"";""\WBURGS`(?=,`)"";""\WBURGS`(?=/`)"";""\WBURGS`(?=\s`)""	 Burgs	3
""\WBYP`(?=\s`)"";""\WBYPS`(?=/`)"";""\WBYPA`(?=,`)"";""\WBYPS`(?=\s`)"";""\WBYPA`(?=/`)"";""\WBYPA`(?=\s`)"";""\WBYPAS`(?=,`)"";""\WBYPAS`(?=/`)"";""\WBYPAS`(?=\s`)"";""\WBYPASS`(?=,`)"";""\WBYPASS`(?=/`)"";""\WBYP`(?=,`)"";""\WBYPASS`(?=\s`)"";""\WBYP`(?=/`)"";""\WBYPS`(?=,`)""	 Bypass	3
""\WCMP`(?=\s`)"";""\WCAMP`(?=,`)"";""\WCAMP`(?=/`)"";""\WCAMP`(?=\s`)"";""\WCP`(?=,`)"";""\WCMP`(?=,`)"";""\WCP`(?=/`)"";""\WCMP`(?=/`)"";""\WCP`(?=\s`)""	 Camp	3
""\WCANYON`(?=,`)"";""\WCANYON`(?=/`)"";""\WCANYON`(?=\s`)"";""\WCYN`(?=,`)"";""\WCYN`(?=/`)"";""\WCNYN`(?=,`)"";""\WCYN`(?=\s`)"";""\WCNYN`(?=/`)"";""\WCANYN`(?=,`)"";""\WCNYN`(?=\s`)"";""\WCANYN`(?=/`)"";""\WCANYN`(?=\s`)""	 Canyon	3
""\WCPE`(?=,`)"";""\WCPE`(?=/`)"";""\WCPE`(?=\s`)"";""\WCAPE`(?=,`)"";""\WCAPE`(?=/`)"";""\WCAPE`(?=\s`)""	 Cape	3
""\WCAUSWAY`(?=/`)"";""\WCSWY`(?=/`)"";""\WCAUSWAY`(?=\s`)"";""\WCSWY`(?=\s`)"";""\WCAUSEWAY`(?=,`)"";""\WCAUSEWAY`(?=/`)"";""\WCAUSEWAY`(?=\s`)"";""\WCAUSWAY`(?=,`)"";""\WCSWY`(?=,`)""	 Causeway	3
""\WCNTER`(?=,`)"";""\WCEN`(?=,`)"";""\WCNTER`(?=/`)"";""\WCNTER`(?=\s`)"";""\WCEN`(?=/`)"";""\WCENTR`(?=,`)"";""\WCNTR`(?=,`)"";""\WCEN`(?=\s`)"";""\WCENTR`(?=/`)"";""\WCNTR`(?=/`)"";""\WCENT`(?=,`)"";""\WCTR`(?=,`)"";""\WCENTR`(?=\s`)"";""\WCNTR`(?=\s`)"";""\WCENT`(?=/`)"";""\WCTR`(?=/`)"";""\WCENTRE`(?=,`)"";""\WCENT`(?=\s`)"";""\WCTR`(?=\s`)"";""\WCENTRE`(?=/`)"";""\WCENTER`(?=,`)"";""\WCENTRE`(?=\s`)"";""\WCENTER`(?=/`)"";	 Center	3
""\WCENTERS`(?=,`)"";""\WCENTERS`(?=/`)"";""\WCENTERS`(?=\s`)"";""\WCTRS`(?=,`)"";""\WCTRS`(?=/`)"";""\WCTRS`(?=\s`)""	 Centers	3
""\WCIR`(?=\s`)"";""\WCRCLE`(?=\s`)"";""\WCIRC`(?=,`)"";""\WCIRC`(?=/`)"";""\WCIRC`(?=\s`)"";""\WCIRCL`(?=,`)"";""\WCIRCL`(?=/`)"";""\WCRCL`(?=,`)"";""\WCIRCL`(?=\s`)"";""\WCRCL`(?=/`)"";""\WCIRCLE`(?=,`)"";""\WCRCL`(?=\s`)"";""\WCIRCLE`(?=/`)"";""\WCIR`(?=,`)"";""\WCRCLE`(?=,`)"";""\WCIRCLE`(?=\s`)"";""\WCIR`(?=/`)"";""\WCRCLE`(?=/`)"";""\bCir\b"";""\bCI\s*$""	 Circle	3
""\WCIRCLES`(?=,`)"";""\WCIRCLES`(?=/`)"";""\WCIRCLES`(?=\s`)"";""\WCIRS`(?=,`)"";""\WCIRS`(?=/`)"";""\WCIRS`(?=\s`)""	 Circles	3
""\WCLF`(?=,`)"";""\WCLF`(?=/`)"";""\WCLF`(?=\s`)"";""\WCLIFF`(?=,`)"";""\WCLIFF`(?=/`)"";""\WCLIFF`(?=\s`)""	 Cliff	3
""\WCLIFFS`(?=/`)"";""\WCLIFFS`(?=\s`)"";""\WCLFS`(?=,`)"";""\WCLFS`(?=/`)"";""\WCLFS`(?=\s`)"";""\WCLIFFS`(?=,`)""	 Cliffs	3
""\WCLB`(?=\s`)"";""\WCLUB`(?=,`)"";""\WCLUB`(?=/`)"";""\WCLUB`(?=\s`)"";""\WCLB`(?=,`)"";""\WCLB`(?=/`)""	 Club	3
""\WCOMMON`(?=/`)"";""\WCOMMON`(?=\s`)"";""\WCMN`(?=,`)"";""\WCMN`(?=/`)"";""\WCMN`(?=\s`)"";""\WCOMMON`(?=,`)""	 Common	3
""\WCOR`(?=,`)"";""\WCOR`(?=/`)"";""\WCOR`(?=\s`)"";""\WCORNER`(?=,`)"";""\WCORNER`(?=/`)"";""\WCORNER`(?=\s`)""	 Corner	3
""\WCORS`(?=,`)"";""\WCORS`(?=/`)"";""\WCORS`(?=\s`)"";""\WCORNERS`(?=,`)"";""\WCORNERS`(?=/`)"";""\WCORNERS`(?=\s`)""	 Corners	3
""\WCRSE`(?=/`)"";""\WCRSE`(?=\s`)"";""\WCOURSE`(?=,`)"";""\WCOURSE`(?=/`)"";""\WCOURSE`(?=\s`)"";""\WCRSE`(?=,`)""	 Course	3
""\WCOURT`(?=,`)"";""\WCRT`(?=,`)"";""\WCOURT`(?=/`)"";""\WCRT`(?=/`)"";""\WCOURT`(?=\s`)"";""\WCRT`(?=\s`)""	 Court	3
""\WCOURTS`(?=/`)"";""\WCTS`(?=,`)"";""\WCOURTS`(?=\s`)"";""\WCTS`(?=/`)"";""\WCTS`(?=\s`)"";""\WCOURTS`(?=,`)""	 Courts	3
""\WCV`(?=/`)"";""\WCV`(?=\s`)"";""\WCOVE`(?=,`)"";""\WCOVE`(?=/`)"";""\WCOVE`(?=\s`)"";""\WCV`(?=,`)"";""\bCV\b"";	 Cove	3
""\WCVS`(?=,`)"";""\WCVS`(?=/`)"";""\WCVS`(?=\s`)"";""\WCOVES`(?=,`)"";""\WCOVES`(?=/`)"";""\WCOVES`(?=\s`)""	 Coves	3
""\WCRK`(?=\s`)"";""\WCR`(?=,`)"";""\WCR`(?=/`)"";""\WCREEK`(?=,`)"";""\WCR`(?=\s`)"";""\WCREEK`(?=/`)"";""\WCK`(?=,`)"";""\WCREEK`(?=\s`)"";""\WCK`(?=/`)"";""\WCK`(?=\s`)"";""\WCRK`(?=,`)"";""\WCRK`(?=/`)""	 Creek	3
""\WCRESCENT`(?=,`)"";""\WCRESCENT`(?=/`)"";""\WCRECENT`(?=,`)"";""\WCRESCENT`(?=\s`)"";""\WCRSENT`(?=,`)"";""\WCRECENT`(?=/`)"";""\WCRESENT`(?=,`)"";""\WCRSENT`(?=/`)"";""\WCRECENT`(?=\s`)"";""\WCRESENT`(?=/`)"";""\WCRSENT`(?=\s`)"";""\WCRESENT`(?=\s`)"";""\WCRSNT`(?=,`)"";""\WCRSNT`(?=/`)"";""\WCRSCNT`(?=,`)"";""\WCRSNT`(?=\s`)"";""\WCRES`(?=,`)"";""\WCRSCNT`(?=/`)"";""\WCRES`(?=/`)"";""\WCRSCNT`(?=\s`)"";""\WCRES`(?=\s`)"";""\bCR\b"";""\bCres\b""	 Crescent	3
""\WCRST`(?=,`)"";""\WCRST`(?=/`)"";""\WCRST`(?=\s`)"";""\WCREST`(?=,`)"";""\WCREST`(?=/`)"";""\WCREST`(?=\s`)""	 Crest	3
""\WCRSSING`(?=\s`)"";""\WXING`(?=/`)"";""\WCRSSNG`(?=,`)"";""\WCROSSING`(?=,`)"";""\WXING`(?=\s`)"";""\WCRSSNG`(?=/`)"";""\WCROSSING`(?=/`)"";""\WCRSSNG`(?=\s`)"";""\WCROSSING`(?=\s`)"";""\WCRSSING`(?=,`)"";""\WCRSSING`(?=/`)"";""\WXING`(?=,`)""	 Crossing	3
""\WXRD`(?=,`)"";""\WXRD`(?=/`)"";""\WCROSSROAD`(?=,`)"";""\WXRD`(?=\s`)"";""\WCROSSROAD`(?=/`)"";""\WCROSSROAD`(?=\s`)""	 Crossroad	3
""\WCURV`(?=,`)"";""\WCURV`(?=/`)"";""\WCURV`(?=\s`)"";""\WCURVE`(?=,`)"";""\WCURVE`(?=/`)"";""\WCURVE`(?=\s`)""	 Curve	3
""\WDL`(?=\s`)"";""\WDALE`(?=,`)"";""\WDALE`(?=/`)"";""\WDL`(?=,`)"";""\WDALE`(?=\s`)"";""\WDL`(?=/`)""	 Dale	3
""\WDAM`(?=,`)"";""\WDAM`(?=/`)"";""\WDM`(?=,`)"";""\WDAM`(?=\s`)"";""\WDM`(?=/`)"";""\WDM`(?=\s`)""	 Dam	3
""\WDV`(?=,`)"";""\WDV`(?=/`)"";""\WDV`(?=\s`)"";""\WDIV`(?=,`)"";""\WDVD`(?=,`)"";""\WDIV`(?=/`)"";""\WDVD`(?=/`)"";""\WDIV`(?=\s`)"";""\WDVD`(?=\s`)"";""\WDIVIDE`(?=,`)"";""\WDIVIDE`(?=/`)"";""\WDIVIDE`(?=\s`)""	 Divide	3
""\WDRIVE`(?=,`)"";""\WDRV`(?=\s`)"";""\WDRIVE`(?=/`)"";""\WDRIVE`(?=\s`)"";""\WDR`(?=,`)"";""\WDR`(?=/`)"";""\WDR`(?=\s`)"";""\WDRIV`(?=,`)"";""\WDRIV`(?=/`)"";""\WDRV`(?=,`)"";""\WDRIV`(?=\s`)"";""\WDRV`(?=/`)"";""\bDr\b.?"";""\bDrive\b.?""	 Drive	3
""\WDRIVES`(?=,`)"";""\WDRIVES`(?=/`)"";""\WDRIVES`(?=\s`)"";""\WDRS`(?=,`)"";""\WDRS`(?=/`)"";""\WDRS`(?=\s`)""	 Drives	3
""\WENT RAMP`(?=\s`)""	 entrance ramp 	1
""\WESTATE`(?=/`)"";""\WESTATE`(?=\s`)"";""\WEST`(?=,`)"";""\WEST`(?=/`)"";""\WEST`(?=\s`)"";""\WESTATE`(?=,`)""	 Estate	3
""\WESTATES`(?=,`)"";""\WESTATES`(?=/`)"";""\WESTATES`(?=\s`)"";""\WESTS`(?=,`)"";""\WESTS`(?=/`)"";""\WESTS`(?=\s`)""	 Estates	3
""\WEXP`(?=\s`)"";""\WEXPW`(?=/`)"";""\WEXPR`(?=,`)"";""\WEXPW`(?=\s`)"";""\WEXPR`(?=/`)"";""\WEXPY`(?=,`)"";""\WEXPR`(?=\s`)"";""\WEXPY`(?=/`)"";""\WEXPRESS`(?=,`)"";""\WEXPY`(?=\s`)"";""\WEXPRESS`(?=/`)"";""\WEXPRESS`(?=\s`)"";""\WEXPRESSWAY`(?=,`)"";""\WEXPRESSWAY`(?=/`)"";""\WEXP`(?=,`)"";""\WEXPRESSWAY`(?=\s`)"";""\WEXP`(?=/`)"";""\WEXPW`(?=,`)"";""\bexpy\b""	 Expressway	3
""\WEXTN`(?=,`)"";""\WEXTN`(?=/`)"";""\WEXT`(?=,`)"";""\WEXTN`(?=\s`)"";""\WEXT`(?=/`)"";""\WEXTNSN`(?=,`)"";""\WEXT`(?=\s`)"";""\WEXTNSN`(?=/`)"";""\WEXTENSION`(?=,`)"";""\WEXTNSN`(?=\s`)"";""\WEXTENSION`(?=/`)"";""\WEXTENSION`(?=\s`)""	 Extension	3
""\WEXTS`(?=/`)"";""\WEXTENSIONS`(?=,`)"";""\WEXTS`(?=\s`)"";""\WEXTENSIONS`(?=/`)"";""\WEXTENSIONS`(?=\s`)"";""\WEXTS`(?=,`)""	 Extensions	3
""\WFALL`(?=,`)"";""\WFALL`(?=/`)"";""\WFALL`(?=\s`)""	 Fall	3
""\WFALLS`(?=,`)"";""\WFALLS`(?=/`)"";""\WFALLS`(?=\s`)"";""\WFLS`(?=,`)"";""\WFLS`(?=/`)"";""\WFLS`(?=\s`)""	 Falls	3
""\WFRY`(?=,`)"";""\WFRY`(?=/`)"";""\WFRY`(?=\s`)"";""\WFRRY`(?=,`)"";""\WFRRY`(?=/`)"";""\WFERRY`(?=,`)"";""\WFRRY`(?=\s`)"";""\WFERRY`(?=/`)"";""\WFERRY`(?=\s`)""	 Ferry	3
""\WFIELD`(?=,`)"";""\WFIELD`(?=/`)"";""\WFLD`(?=,`)"";""\WFIELD`(?=\s`)"";""\WFLD`(?=/`)"";""\WFLD`(?=\s`)""	 Field	3
""\WFIELDS`(?=,`)"";""\WFIELDS`(?=/`)"";""\WFLDS`(?=,`)"";""\WFIELDS`(?=\s`)"";""\WFLDS`(?=/`)"";""\WFLDS`(?=\s`)""	 Fields	3
""\WFLT`(?=,`)"";""\WFLT`(?=/`)"";""\WFLT`(?=\s`)"";""\WFLAT`(?=,`)"";""\WFLAT`(?=/`)"";""\WFLAT`(?=\s`)""	 Flat	3
""\WFLATS`(?=\s`)"";""\WFLTS`(?=,`)"";""\WFLTS`(?=/`)"";""\WFLTS`(?=\s`)"";""\WFLATS`(?=,`)"";""\WFLATS`(?=/`)""	 Flats	3
""\WFRD`(?=,`)"";""\WFRD`(?=/`)"";""\WFORD`(?=,`)"";""\WFRD`(?=\s`)"";""\WFORD`(?=/`)"";""\WFORD`(?=\s`)""	 Ford	3
""\WFORDS`(?=\s`)"";""\WFRDS`(?=,`)"";""\WFRDS`(?=/`)"";""\WFORDS`(?=,`)"";""\WFRDS`(?=\s`)"";""\WFORDS`(?=/`)""	 Fords	3
""\WFRST`(?=/`)"";""\WFRST`(?=\s`)"";""\WFOREST`(?=,`)"";""\WFOREST`(?=/`)"";""\WFOREST`(?=\s`)"";""\WFORESTS`(?=,`)"";""\WFORESTS`(?=/`)"";""\WFORESTS`(?=\s`)"";""\WFRST`(?=,`)""	 Forest	3
""\WFORGE`(?=/`)"";""\WFORGE`(?=\s`)"";""\WFRG`(?=,`)"";""\WFRG`(?=/`)"";""\WFORG`(?=,`)"";""\WFRG`(?=\s`)"";""\WFORG`(?=/`)"";""\WFORG`(?=\s`)"";""\WFORGE`(?=,`)""	 Forge	3
""\WFORGES`(?=,`)"";""\WFORGES`(?=/`)"";""\WFORGES`(?=\s`)"";""\WFRGS`(?=,`)"";""\WFRGS`(?=/`)"";""\WFRGS`(?=\s`)""	 Forges	3
""\WFRK`(?=,`)"";""\WFRK`(?=/`)"";""\WFRK`(?=\s`)"";""\WFORK`(?=,`)"";""\WFORK`(?=/`)"";""\WFORK`(?=\s`)""	 Fork	3
""\WFORKS`(?=\s`)"";""\WFRKS`(?=,`)"";""\WFRKS`(?=/`)"";""\WFRKS`(?=\s`)"";""\WFORKS`(?=,`)"";""\WFORKS`(?=/`)""	 Forks	3
""\WFORT`(?=,`)"";""\WFORT`(?=/`)"";""\WFRT`(?=,`)"";""\WFORT`(?=\s`)"";""\WFRT`(?=/`)"";""\WFT`(?=,`)"";""\WFRT`(?=\s`)"";""\WFT`(?=/`)"";""\WFT`(?=\s`)""	 Fort	3
""\WFREEWAY`(?=/`)"";""\WFREEWAY`(?=\s`)"";""\WFREEWY`(?=,`)"";""\WFREEWY`(?=/`)"";""\WFREEWY`(?=\s`)"";""\WFRWAY`(?=,`)"";""\WFRWAY`(?=/`)"";""\WFWY`(?=,`)"";""\WFRWAY`(?=\s`)"";""\WFWY`(?=/`)"";""\WFRWY`(?=,`)"";""\WFWY`(?=\s`)"";""\WFRWY`(?=/`)"";""\WFREEWAY`(?=,`)"";""\WFRWY`(?=\s`)"";""\bfwy\b""	 Freeway	3
""\WGARDEN`(?=\s`)"";""\WGRDEN`(?=,`)"";""\WGRDEN`(?=/`)"";""\WGARDN`(?=,`)"";""\WGRDEN`(?=\s`)"";""\WGARDN`(?=/`)"";""\WGRDN`(?=,`)"";""\WGDN`(?=,`)"";""\WGARDN`(?=\s`)"";""\WGRDN`(?=/`)"";""\WGDN`(?=/`)"";""\WGRDN`(?=\s`)"";""\WGDN`(?=\s`)"";""\WGARDEN`(?=,`)"";""\WGARDEN`(?=/`)""	 Garden	3
""\WGRDNS`(?=\s`)"";""\WGDNS`(?=\s`)"";""\WGARDENS`(?=,`)"";""\WGARDENS`(?=/`)"";""\WGARDENS`(?=\s`)"";""\WGRDNS`(?=,`)"";""\WGDNS`(?=,`)"";""\WGRDNS`(?=/`)"";""\WGDNS`(?=/`)""	 Gardens	3
""\WGATEWY`(?=,`)"";""\WGTWY`(?=/`)"";""\WGTWY`(?=\s`)"";""\WGATEWY`(?=/`)"";""\WGATEWY`(?=\s`)"";""\WGATWAY`(?=,`)"";""\WGATWAY`(?=/`)"";""\WGATWAY`(?=\s`)"";""\WGTWAY`(?=,`)"";""\WGATEWAY`(?=,`)"";""\WGTWAY`(?=/`)"";""\WGATEWAY`(?=/`)"";""\WGTWAY`(?=\s`)"";""\WGATEWAY`(?=\s`)"";""\WGTWY`(?=,`)""	 Gateway	3
""\WGLEN`(?=,`)"";""\WGLEN`(?=/`)"";""\WGLEN`(?=\s`)"";""\WGLN`(?=,`)"";""\WGLN`(?=/`)"";""\WGLN`(?=\s`)""	 Glen	3
""\WGLNS`(?=/`)"";""\WGLNS`(?=\s`)"";""\WGLENS`(?=,`)"";""\WGLENS`(?=/`)"";""\WGLENS`(?=\s`)"";""\WGLNS`(?=,`)""	 Glens	3
""\WGREEN`(?=,`)"";""\WGREEN`(?=/`)"";""\WGREEN`(?=\s`)"";""\WGRN`(?=,`)"";""\WGRN`(?=/`)"";""\WGRN`(?=\s`)""	 Green	3
""\WGRNS`(?=/`)"";""\WGRNS`(?=\s`)"";""\WGREENS`(?=,`)"";""\WGREENS`(?=/`)"";""\WGREENS`(?=\s`)"";""\WGRNS`(?=,`)""	 Greens	3
""\WGRV`(?=,`)"";""\WGRV`(?=/`)"";""\WGROV`(?=,`)"";""\WGRV`(?=\s`)"";""\WGROV`(?=/`)"";""\WGROV`(?=\s`)"";""\WGROVE`(?=,`)"";""\WGROVE`(?=/`)"";""\WGROVE`(?=\s`)""	 Grove	3
""\WGRVS`(?=,`)"";""\WGRVS`(?=/`)"";""\WGRVS`(?=\s`)"";""\WGROVES`(?=,`)"";""\WGROVES`(?=/`)"";""\WGROVES`(?=\s`)""	 Groves	3
""\WHARBR`(?=,`)"";""\WHRBOR`(?=/`)"";""\WHBR`(?=\s`)"";""\WHARBR`(?=/`)"";""\WHRBOR`(?=\s`)"";""\WHARB`(?=,`)"";""\WHARBR`(?=\s`)"";""\WHARB`(?=/`)"";""\WHARB`(?=\s`)"";""\WHARBOR`(?=,`)"";""\WHARBOR`(?=/`)"";""\WHARBOR`(?=\s`)"";""\WHBR`(?=,`)"";""\WHRBOR`(?=,`)"";""\WHBR`(?=/`)""	 Harbor	3
""\WHBRS`(?=,`)"";""\WHBRS`(?=/`)"";""\WHBRS`(?=\s`)"";""\WHARBORS`(?=,`)"";""\WHARBORS`(?=/`)"";""\WHARBORS`(?=\s`)""	 Harbors	3
""\WHAVEN`(?=,`)"";""\WHAVEN`(?=/`)"";""\WHAVEN`(?=\s`)"";""\WHAVN`(?=,`)"";""\WHAVN`(?=/`)"";""\WHAVN`(?=\s`)"";""\WHVN`(?=,`)"";""\WHVN`(?=/`)"";""\WHVN`(?=\s`)""	 Haven	3
""\WHGTS`(?=,`)"";""\WHGTS`(?=/`)"";""\WHGTS`(?=\s`)"";""\WHT`(?=,`)"";""\WHT`(?=/`)"";""\WHT`(?=\s`)"";""\WHEIGHT`(?=,`)"";""\WHTS`(?=,`)"";""\WHEIGHT`(?=/`)"";""\WHTS`(?=/`)"";""\WHEIGHT`(?=\s`)"";""\WHTS`(?=\s`)"";""\WHEIGHTS`(?=,`)"";""\WHEIGHTS`(?=/`)"";""\WHEIGHTS`(?=\s`)""	 Heights	3
""\WHWAY`(?=,`)"";""\WHWAY`(?=/`)"";""\WHWAY`(?=\s`)"";""\WHIGHWAY`(?=,`)"";""\WHWY`(?=,`)"";""\WHIGHWAY`(?=/`)"";""\WHIWAY`(?=,`)"";""\WHWY`(?=/`)"";""\WHIGHWAY`(?=\s`)"";""\WHIWAY`(?=/`)"";""\WHWY`(?=\s`)"";""\WHIGHWY`(?=,`)"";""\WHIWAY`(?=\s`)"";""\WHIGHWY`(?=/`)"";""\WHIWY`(?=,`)"";""\WHIGHWY`(?=\s`)"";""\WHIWY`(?=/`)"";""\WHIWY`(?=\s`)"";""HW "";""\bHWY\b"";""\bHY\b""	 Highway	3
""\WHILL`(?=\s`)"";""\WHL`(?=/`)"";""\WHL`(?=\s`)"";""\WHILL`(?=,`)"";""\WHILL`(?=/`)"";""\WHL`(?=,`)""	 Hill	3
""\WHILLS`(?=,`)"";""\WHILLS`(?=/`)"";""\WHILLS`(?=\s`)"";""\WHLS`(?=,`)"";""\WHLS`(?=/`)"";""\WHLS`(?=\s`)""	 Hills	3
""\WHOLLOW`(?=\s`)"";""\WHOLLOWS`(?=,`)"";""\WHOLLOWS`(?=/`)"";""\WHLLW`(?=,`)"";""\WHOLLOWS`(?=\s`)"";""\WHLLW`(?=/`)"";""\WHOLW`(?=,`)"";""\WHLLW`(?=\s`)"";""\WHOLW`(?=/`)"";""\WHOLW`(?=\s`)"";""\WHOLWS`(?=,`)"";""\WHOLWS`(?=/`)"";""\WHOLLOW`(?=,`)"";""\WHOLWS`(?=\s`)"";""\WHOLLOW`(?=/`)"";""\bHOLW\b""	 Hollow	3
""\WINLT`(?=/`)"";""\WINLT`(?=\s`)"";""\WINLET`(?=,`)"";""\WINLET`(?=/`)"";""\WINLET`(?=\s`)"";""\WINLT`(?=,`)""	 Inlet	3
""\WIS`(?=,`)"";""\WIS`(?=/`)"";""\WIS`(?=\s`)"";""\WISLAND`(?=,`)"";""\WISLAND`(?=/`)"";""\WISLND`(?=,`)"";""\WISLAND`(?=\s`)"";""\WISLND`(?=/`)"";""\WISLND`(?=\s`)""	 Island	3
""\WISLNDS`(?=\s`)"";""\WISS`(?=,`)"";""\WISS`(?=/`)"";""\WISS`(?=\s`)"";""\WISLANDS`(?=,`)"";""\WISLANDS`(?=/`)"";""\WISLNDS`(?=,`)"";""\WISLANDS`(?=\s`)"";""\WISLNDS`(?=/`)""	 Islands	3
""\WISLE`(?=,`)"";""\WISLE`(?=/`)"";""\WISLE`(?=\s`)"";""\WISLES`(?=,`)"";""\WISLES`(?=/`)"";""\WISLES`(?=\s`)""	 Isle	3
""\WJCTN`(?=,`)"";""\WJUNCTION`(?=\s`)"";""\WJCTN`(?=/`)"";""\WJCTN`(?=\s`)"";""\WJUNCTN`(?=,`)"";""\WJCT`(?=,`)"";""\WJUNCTN`(?=/`)"";""\WJCT`(?=/`)"";""\WJUNCTN`(?=\s`)"";""\WJCT`(?=\s`)"";""\WJUNCTON`(?=,`)"";""\WJCTION`(?=,`)"";""\WJUNCTON`(?=/`)"";""\WJCTION`(?=/`)"";""\WJUNCTION`(?=,`)"";""\WJUNCTON`(?=\s`)"";""\WJCTION`(?=\s`)"";""\WJUNCTION`(?=/`)""	 Junction	3
""\WJUNCTIONS`(?=,`)"";""\WJUNCTIONS`(?=/`)"";""\WJCTNS`(?=,`)"";""\WJUNCTIONS`(?=\s`)"";""\WJCTNS`(?=/`)"";""\WJCTNS`(?=\s`)"";""\WJCTS`(?=,`)"";""\WJCTS`(?=/`)"";""\WJCTS`(?=\s`)""	 Junctions	3
""\WKY`(?=/`)"";""\WKEY`(?=/`)"";""\WKY`(?=\s`)"";""\WKEY`(?=\s`)"";""\WKY`(?=,`)"";""\WKEY`(?=,`)""	 Key	3
""\WKYS`(?=,`)"";""\WKEYS`(?=,`)"";""\WKYS`(?=/`)"";""\WKEYS`(?=/`)"";""\WKYS`(?=\s`)"";""\WKEYS`(?=\s`)""	 Keys	3
""\WKNOL`(?=,`)"";""\WKNOL`(?=/`)"";""\WKNOL`(?=\s`)"";""\WKNOLL`(?=,`)"";""\WKNOLL`(?=/`)"";""\WKNL`(?=,`)"";""\WKNOLL`(?=\s`)"";""\WKNL`(?=/`)"";""\WKNL`(?=\s`)""	 Knoll	3
""\WKNLS`(?=\s`)"";""\WKNOLLS`(?=,`)"";""\WKNOLLS`(?=/`)"";""\WKNLS`(?=,`)"";""\WKNOLLS`(?=\s`)"";""\WKNLS`(?=/`)""	 Knolls	3
""\WLK`(?=,`)"";""\WLK`(?=/`)"";""\WLK`(?=\s`)"";""\WLAKE`(?=,`)"";""\WLAKE`(?=/`)"";""\WLAKE`(?=\s`)""	 Lake	3
""\WLAKES`(?=,`)"";""\WLAKES`(?=/`)"";""\WLAKES`(?=\s`)"";""\WLKS`(?=,`)"";""\WLKS`(?=/`)"";""\WLKS`(?=\s`)""	 Lakes	3
""\WLAND`(?=,`)"";""\WLAND`(?=/`)"";""\WLAND`(?=\s`)""	 Land	3
""\WLNDG`(?=\s`)"";""\WLNDNG`(?=,`)"";""\WLNDNG`(?=/`)"";""\WLNDNG`(?=\s`)"";""\WLANDING`(?=,`)"";""\WLANDING`(?=/`)"";""\WLANDING`(?=\s`)"";""\WLNDG`(?=,`)"";""\WLNDG`(?=/`)""	 Landing	3
""\WLANE`(?=/`)"";""\WLANE`(?=\s`)"";""\WLANES`(?=,`)"";""\WLANES`(?=/`)"";""\WLANES`(?=\s`)"";""\WLN`(?=,`)"";""\WLN`(?=/`)"";""\WLN`(?=\s`)"";""\WLANE`(?=,`)"";""\bLn.?\b"";""`(?<!, `)\bLA$""	 Lane	3
""\WLGT`(?=\s`)"";""\WLIGHT`(?=,`)"";""\WLIGHT`(?=/`)"";""\WLIGHT`(?=\s`)"";""\WLGT`(?=,`)"";""\WLGT`(?=/`)""	 Light	3
""\WLGTS`(?=,`)"";""\WLGTS`(?=/`)"";""\WLGTS`(?=\s`)"";""\WLIGHTS`(?=,`)"";""\WLIGHTS`(?=/`)"";""\WLIGHTS`(?=\s`)""	 Lights	3
""\WLOAF`(?=,`)"";""\WLOAF`(?=/`)"";""\WLF`(?=,`)"";""\WLOAF`(?=\s`)"";""\WLF`(?=/`)"";""\WLF`(?=\s`)""	 Loaf	3
""\WLCK`(?=,`)"";""\WLCK`(?=/`)"";""\WLCK`(?=\s`)"";""\WLOCK`(?=,`)"";""\WLOCK`(?=/`)"";""\WLOCK`(?=\s`)""	 Lock	3
""\WLOCKS`(?=/`)"";""\WLOCKS`(?=\s`)"";""\WLCKS`(?=,`)"";""\WLCKS`(?=/`)"";""\WLCKS`(?=\s`)"";""\WLOCKS`(?=,`)""	 Locks	3
""\WLDG`(?=,`)"";""\WLDG`(?=/`)"";""\WLDG`(?=\s`)"";""\WLODG`(?=,`)"";""\WLDGE`(?=,`)"";""\WLODG`(?=/`)"";""\WLDGE`(?=/`)"";""\WLODG`(?=\s`)"";""\WLDGE`(?=\s`)"";""\WLODGE`(?=,`)"";""\WLODGE`(?=/`)"";""\WLODGE`(?=\s`)""	 Lodge	3
""\WLOOP`(?=\s`)"";""\WLOOPS`(?=,`)"";""\WLOOPS`(?=/`)"";""\WLOOPS`(?=\s`)"";""\WLOOP`(?=,`)"";""\WLOOP`(?=/`)"";""\bLP\b""	 Loop	3
""\WMALL`(?=,`)"";""\WMALL`(?=/`)"";""\WMALL`(?=\s`)""	 Mall	3
""\WMNR`(?=,`)"";""\WMANOR`(?=,`)"";""\WMNR`(?=/`)"";""\WMANOR`(?=/`)"";""\WMNR`(?=\s`)"";""\bMNR\b""	 Manor	3
""\WMANORS`(?=/`)"";""\WMNRS`(?=\s`)"";""\WMANORS`(?=\s`)"";""\WMNRS`(?=,`)"";""\WMANORS`(?=,`)"";""\WMNRS`(?=/`)""	 Manors	3
""\WMDW`(?=,`)"";""\WMDW`(?=/`)"";""\WMDW`(?=\s`)"";""\WMEADOW`(?=,`)"";""\WMEADOW`(?=/`)"";""\WMEADOW`(?=\s`)""	 Meadow	3
""\WMEADOWS`(?=,`)"";""\WMEADOWS`(?=/`)"";""\WMEADOWS`(?=\s`)"";""\WMEDOWS`(?=,`)"";""\WMEDOWS`(?=/`)"";""\WMDWS`(?=,`)"";""\WMEDOWS`(?=\s`)"";""\WMDWS`(?=/`)"";""\WMDWS`(?=\s`)""	 Meadows	3
""\WMEWS`(?=,`)"";""\WMEWS`(?=/`)"";""\WMEWS`(?=\s`)""	 Mews	3
""\WMILL`(?=/`)"";""\WML`(?=,`)"";""\WMILL`(?=\s`)"";""\WML`(?=/`)"";""\WML`(?=\s`)"";""\WMILL`(?=,`)""	 Mill	3
""\WMILLS`(?=,`)"";""\WMILLS`(?=/`)"";""\WMLS`(?=,`)"";""\WMILLS`(?=\s`)"";""\WMLS`(?=/`)"";""\WMLS`(?=\s`)""	 Mills	3
""\WMSSN`(?=/`)"";""\WMSSN`(?=\s`)"";""\WMISSION`(?=,`)"";""\WMISSION`(?=/`)"";""\WMISSION`(?=\s`)"";""\WMSN`(?=,`)"";""\WMISSN`(?=,`)"";""\WMSN`(?=/`)"";""\WMISSN`(?=/`)"";""\WMSN`(?=\s`)"";""\WMISSN`(?=\s`)"";""\WMSSN`(?=,`)""	 Mission	3
""\WMOTORWAY`(?=,`)"";""\WMTWY`(?=,`)"";""\WMOTORWAY`(?=/`)"";""\WMTWY`(?=/`)"";""\WMOTORWAY`(?=\s`)"";""\WMTWY`(?=\s`)""	 Motorway	3
""\WMNT`(?=,`)"";""\WMT`(?=,`)"";""\WMNT`(?=/`)"";""\WMT`(?=/`)"";""\WMNT`(?=\s`)"";""\WMT`(?=\s`)"";""\WMOUNT`(?=,`)"";""\WMOUNT`(?=/`)"";""\WMOUNT`(?=\s`)""	 Mount	3
""\WMTN`(?=\s`)"";""\WMOUNTAIN`(?=\s`)"";""\WMOUNTIN`(?=,`)"";""\WMNTAIN`(?=,`)"";""\WMOUNTIN`(?=/`)"";""\WMTIN`(?=,`)"";""\WMNTAIN`(?=/`)"";""\WMOUNTIN`(?=\s`)"";""\WMTIN`(?=/`)"";""\WMNTAIN`(?=\s`)"";""\WMTIN`(?=\s`)"";""\WMNTN`(?=,`)"";""\WMTN`(?=,`)"";""\WMNTN`(?=/`)"";""\WMOUNTAIN`(?=,`)"";""\WMTN`(?=/`)"";""\WMNTN`(?=\s`)"";""\WMOUNTAIN`(?=/`)""	 Mountain	3
""\WMNTNS`(?=,`)"";""\WMTNS`(?=,`)"";""\WMNTNS`(?=/`)"";""\WMOUNTAINS`(?=,`)"";""\WMTNS`(?=/`)"";""\WMNTNS`(?=\s`)"";""\WMOUNTAINS`(?=/`)"";""\WMTNS`(?=\s`)"";""\WMOUNTAINS`(?=\s`)""	 Mountains	3
""\WNECK`(?=/`)"";""\WNECK`(?=\s`)"";""\WNCK`(?=,`)"";""\WNCK`(?=/`)"";""\WNCK`(?=\s`)"";""\WNECK`(?=,`)""	 Neck	3
""\WORCHRD`(?=,`)"";""\WORCHRD`(?=/`)"";""\WORCHRD`(?=\s`)"";""\WORCH`(?=,`)"";""\WORCH`(?=/`)"";""\WORCH`(?=\s`)"";""\WORCHARD`(?=,`)"";""\WORCHARD`(?=/`)"";""\WORCHARD`(?=\s`)""	 Orchard	3
""\WOVL`(?=/`)"";""\WOVL`(?=\s`)"";""\WOVAL`(?=,`)"";""\WOVAL`(?=/`)"";""\WOVAL`(?=\s`)"";""\WOVL`(?=,`)""	 Oval	3
""\WOPAS`(?=,`)"";""\WOPAS`(?=/`)"";""\WOPAS`(?=\s`)"";""\WOVERPASS`(?=,`)"";""\WOVERPASS`(?=/`)"";""\WOVERPASS`(?=\s`)""	 Overpass	3
""\WPO "";""\WPo "";""\WPO "";""P. O. "";""\bP O ""	 P.O. 	3
""\WPK`(?=\s`)"";""\WPRK`(?=,`)"";""\WPRK`(?=/`)"";""\WPRK`(?=\s`)"";""\WPK`(?=,`)"";""\WPK`(?=/`)""	 Park	3
""\WPKY`(?=/`)"";""\WPKWAY`(?=,`)"";""\WPKY`(?=\s`)"";""\WPKWAY`(?=/`)"";""\WPKWAY`(?=\s`)"";""\WPARKWY`(?=,`)"";""\WPARKWY`(?=/`)"";""\WPARKWY`(?=\s`)"";""\WPARKWAY`(?=,`)"";""\WPARKWAY`(?=/`)"";""\WPARKWAY`(?=\s`)"";""\WPKY`(?=,`)""	 Parkway	3
""\WPASS`(?=,`)"";""\WPASS`(?=/`)"";""\WPASS`(?=\s`)""	 Pass	3
""\WPASSAGE`(?=\s`)"";""\WPSGE`(?=,`)"";""\WPSGE`(?=/`)"";""\WPASSAGE`(?=,`)"";""\WPSGE`(?=\s`)"";""\WPASSAGE`(?=/`)""	 Passage	3
""\WPATH`(?=,`)"";""\WPATH`(?=/`)"";""\WPATH`(?=\s`)"";""\WPATHS`(?=,`)"";""\WPATHS`(?=/`)"";""\WPATHS`(?=\s`)""	 Path	3
""\WPIKES`(?=,`)"";""\WPIKES`(?=/`)"";""\WPIKES`(?=\s`)"";""\WPIKE`(?=,`)"";""\WPIKE`(?=/`)"";""\WPIKE`(?=\s`)"";""\bPI\b""	 Pike	3
""\WPNES`(?=,`)"";""\WPNES`(?=/`)"";""\WPNES`(?=\s`)"";""\WPINES`(?=,`)"";""\WPINES`(?=/`)"";""\WPINES`(?=\s`)""	 Pines	3
""\WPL`(?=,`)"";""\WPL`(?=/`)"";""\WPL`(?=\s`)"";""\WPLACE`(?=,`)"";""\WPLACE`(?=/`)"";""\WPLACE`(?=\s`)"";""\bPl.?\b""	 Place	3
""\WPLAIN`(?=\s`)"";""\WPLN`(?=/`)"";""\WPLN`(?=\s`)"";""\WPLAIN`(?=,`)"";""\WPLAIN`(?=/`)"";""\WPLN`(?=,`)""	 Plain	3
""\WPLAINES`(?=,`)"";""\WPLAINES`(?=/`)"";""\WPLNS`(?=,`)"";""\WPLAINES`(?=\s`)"";""\WPLNS`(?=/`)"";""\WPLAINS`(?=,`)"";""\WPLNS`(?=\s`)"";""\WPLAINS`(?=/`)"";""\WPLAINS`(?=\s`)""	 Plains	3
""\WPLZ`(?=,`)"";""\WPLZ`(?=/`)"";""\WPLAZA`(?=,`)"";""\WPLZ`(?=\s`)"";""\WPLAZA`(?=/`)"";""\WPLZA`(?=,`)"";""\WPLAZA`(?=\s`)"";""\WPLZA`(?=/`)"";""\WPLZA`(?=\s`)"";""\bplz\b""	 Plaza	3
""\WPT`(?=,`)"";""\WPT`(?=/`)"";""\WPT`(?=\s`)"";""\WPOINT`(?=,`)"";""\WPOINT`(?=/`)"";""\WPOINT`(?=\s`)"";""\bpt\b""	 Point	3
""\WPOINTS`(?=/`)"";""\WPOINTS`(?=\s`)"";""\WPTS`(?=,`)"";""\WPTS`(?=/`)"";""\WPTS`(?=\s`)"";""\WPOINTS`(?=,`)"";""\bPTS\b""	 Points	3
""\WPRT`(?=,`)"";""\WPORT`(?=,`)"";""\WPRT`(?=/`)"";""\WPORT`(?=/`)"";""\WPRT`(?=\s`)"";""\WPORT`(?=\s`)""	 Port	3
""\WPRTS`(?=,`)"";""\WPORTS`(?=,`)"";""\WPRTS`(?=/`)"";""\WPORTS`(?=/`)"";""\WPRTS`(?=\s`)"";""\WPORTS`(?=\s`)""	 Ports	3
""\WPRAIRIE`(?=,`)"";""\WPRR`(?=\s`)"";""\WPRAIRIE`(?=/`)"";""\WPRAIRIE`(?=\s`)"";""\WPRARIE`(?=,`)"";""\WPRARIE`(?=/`)"";""\WPRARIE`(?=\s`)"";""\WPR`(?=,`)"";""\WPR`(?=/`)"";""\WPRR`(?=,`)"";""\WPR`(?=\s`)"";""\WPRR`(?=/`)""	 Prairie	3
""\WRADIAL`(?=\s`)"";""\WRADIEL`(?=,`)"";""\WRADIEL`(?=/`)"";""\WRADIEL`(?=\s`)"";""\WRADL`(?=,`)"";""\WRADL`(?=/`)"";""\WRAD`(?=,`)"";""\WRADL`(?=\s`)"";""\WRAD`(?=/`)"";""\WRAD`(?=\s`)"";""\WRADIAL`(?=,`)"";""\WRADIAL`(?=/`)""	 Radial	3
""\WRAMP`(?=,`)"";""\WRAMP`(?=/`)"";""\WRAMP`(?=\s`)""	 Ramp	3
""\WRANCH`(?=/`)"";""\WRANCH`(?=\s`)"";""\WRNCH`(?=,`)"";""\WRANCHES`(?=,`)"";""\WRNCH`(?=/`)"";""\WRANCHES`(?=/`)"";""\WRNCH`(?=\s`)"";""\WRANCHES`(?=\s`)"";""\WRNCHS`(?=,`)"";""\WRNCHS`(?=/`)"";""\WRNCHS`(?=\s`)"";""\WRANCH`(?=,`)""	 Ranch	3
""\WRPD`(?=\s`)"";""\WRAPID`(?=,`)"";""\WRAPID`(?=/`)"";""\WRAPID`(?=\s`)"";""\WRPD`(?=,`)"";""\WRPD`(?=/`)""	 Rapid	3
""\WRAPIDS`(?=\s`)"";""\WRPDS`(?=,`)"";""\WRPDS`(?=/`)"";""\WRPDS`(?=\s`)"";""\WRAPIDS`(?=,`)"";""\WRAPIDS`(?=/`)""	 Rapids	3
""\WRST`(?=,`)"";""\WREST`(?=,`)"";""\WRST`(?=/`)"";""\WREST`(?=/`)"";""\WRST`(?=\s`)"";""\WREST`(?=\s`)""	 Rest	3
""\WRDG`(?=,`)"";""\WRDG`(?=/`)"";""\WRDG`(?=\s`)"";""\WRDGE`(?=,`)"";""\WRDGE`(?=/`)"";""\WRIDGE`(?=,`)"";""\WRDGE`(?=\s`)"";""\WRIDGE`(?=/`)"";""\WRIDGE`(?=\s`)""	 Ridge	3
""\WRDGS`(?=/`)"";""\WRIDGES`(?=,`)"";""\WRDGS`(?=\s`)"";""\WRIDGES`(?=/`)"";""\WRIDGES`(?=\s`)"";""\WRDGS`(?=,`)""	 Ridges	3
""\WRIVR`(?=/`)"";""\WRIVR`(?=\s`)"";""\WRIV`(?=,`)"";""\WRIV`(?=/`)"";""\WRIV`(?=\s`)"";""\WRVR`(?=,`)"";""\WRIVER`(?=,`)"";""\WRVR`(?=/`)"";""\WRIVER`(?=/`)"";""\WRVR`(?=\s`)"";""\WRIVER`(?=\s`)"";""\WRIVR`(?=,`)""	 River	3
""\WRD`(?=,`)"";""\WRD`(?=/`)"";""\WRD`(?=\s`)"";""\WROAD`(?=,`)"";""\WROAD`(?=/`)"";""\WROAD`(?=\s`)"";""\bRd.?""	 Road	3
""\WROADS`(?=,`)"";""\WROADS`(?=/`)"";""\WROADS`(?=\s`)"";""\WRDS`(?=,`)"";""\WRDS`(?=/`)"";""\WRDS`(?=\s`)""	 Roads	3
""\WROUTE`(?=,`)"";""\WROUTE`(?=/`)"";""\WROUTE`(?=\s`)"";""\WRTE`(?=,`)"";""\WRTE`(?=/`)"";""\WRTE`(?=\s`)"";""\bRT\b.?""	 Route	3
""\WROW`(?=,`)"";""\WROW`(?=/`)"";""\WROW`(?=\s`)""	 Row	3
""\WRUE`(?=,`)"";""\WRUE`(?=/`)"";""\WRUE`(?=\s`)""	 Rue	3
""\WRUN`(?=,`)"";""\WRUN`(?=/`)"";""\WRUN`(?=\s`)""	 Run	3
""\WSHL`(?=\s`)"";""\WSHOAL`(?=,`)"";""\WSHOAL`(?=/`)"";""\WSHOAL`(?=\s`)"";""\WSHL`(?=,`)"";""\WSHL`(?=/`)""	 Shoal	3
""\WSHLS`(?=,`)"";""\WSHLS`(?=/`)"";""\WSHLS`(?=\s`)"";""\WSHOALS`(?=,`)"";""\WSHOALS`(?=/`)"";""\WSHOALS`(?=\s`)""	 Shoals	3
""\WSHOAR`(?=/`)"";""\WSHR`(?=,`)"";""\WSHOAR`(?=\s`)"";""\WSHR`(?=/`)"";""\WSHR`(?=\s`)"";""\WSHORE`(?=,`)"";""\WSHORE`(?=/`)"";""\WSHORE`(?=\s`)"";""\WSHOAR`(?=,`)""	 Shore	3
""\WSHORES`(?=\s`)"";""\WSHOARS`(?=,`)"";""\WSHOARS`(?=/`)"";""\WSHRS`(?=,`)"";""\WSHOARS`(?=\s`)"";""\WSHRS`(?=/`)"";""\WSHRS`(?=\s`)"";""\WSHORES`(?=,`)"";""\WSHORES`(?=/`)""	 Shores	3
""\WSKYWAY`(?=/`)"";""\WSKYWAY`(?=\s`)"";""\WSKWY`(?=,`)"";""\WSKWY`(?=/`)"";""\WSKWY`(?=\s`)"";""\WSKYWAY`(?=,`)""	 Skyway	3
""\WSPNG`(?=,`)"";""\WSPNG`(?=/`)"";""\WSPRNG`(?=,`)"";""\WSPNG`(?=\s`)"";""\WSPRNG`(?=/`)"";""\WSPRNG`(?=\s`)"";""\WSPG`(?=,`)"";""\WSPG`(?=/`)"";""\WSPRING`(?=,`)"";""\WSPG`(?=\s`)"";""\WSPRING`(?=/`)"";""\WSPRING`(?=\s`)""	 Spring	3
""\WSPRINGS`(?=/`)"";""\WSPRINGS`(?=\s`)"";""\WSPNGS`(?=,`)"";""\WSPNGS`(?=/`)"";""\WSPRNGS`(?=,`)"";""\WSPNGS`(?=\s`)"";""\WSPRNGS`(?=/`)"";""\WSPRNGS`(?=\s`)"";""\WSPGS`(?=,`)"";""\WSPGS`(?=/`)"";""\WSPRINGS`(?=,`)"";""\WSPGS`(?=\s`)""	 Springs	3
""\WSPURS`(?=,`)"";""\WSPURS`(?=/`)"";""\WSPURS`(?=\s`)"";""\WSPUR`(?=,`)""	 Spurs	3
""\WSQUARE`(?=,`)"";""\WSQRE`(?=\s`)"";""\WSQUARE`(?=/`)"";""\WSQUARE`(?=\s`)"";""\WSQ`(?=,`)"";""\WSQ`(?=/`)"";""\WSQ`(?=\s`)"";""\WSQR`(?=,`)"";""\WSQR`(?=/`)"";""\WSQU`(?=,`)"";""\WSQR`(?=\s`)"";""\WSQU`(?=/`)"";""\WSQRE`(?=,`)"";""\WSQU`(?=\s`)"";""\WSQRE`(?=/`)"";""\bSq\b""	 Square	3
""\WSQRS`(?=,`)"";""\WSQRS`(?=/`)"";""\WSQUARES`(?=,`)"";""\WSQRS`(?=\s`)"";""\WSQUARES`(?=/`)"";""\WSQS`(?=,`)"";""\WSQUARES`(?=\s`)"";""\WSQS`(?=/`)"";""\WSQS`(?=\s`)""	 Squares	3
""\WSh ""	 State Highway 	3
""\WSTA`(?=\s`)"";""\WSTATION`(?=,`)"";""\WSTATION`(?=/`)"";""\WSTATION`(?=\s`)"";""\WSTATN`(?=,`)"";""\WSTATN`(?=/`)"";""\WSTATN`(?=\s`)"";""\WSTN`(?=,`)"";""\WSTN`(?=/`)"";""\WSTA`(?=,`)"";""\WSTN`(?=\s`)"";""\WSTA`(?=/`)""	 Station	3
""\WSTRVNUE`(?=/`)"";""\WSTRAVE`(?=\s`)"";""\WSTRVNUE`(?=\s`)"";""\WSTRAVEN`(?=,`)"";""\WSTRAVEN`(?=/`)"";""\WSTRA`(?=,`)"";""\WSTRAVEN`(?=\s`)"";""\WSTRA`(?=/`)"";""\WSTRAVENUE`(?=,`)"";""\WSTRA`(?=\s`)"";""\WSTRAVENUE`(?=/`)"";""\WSTRAV`(?=,`)"";""\WSTRAVENUE`(?=\s`)"";""\WSTRVN`(?=,`)"";""\WSTRAV`(?=/`)"";""\WSTRAVN`(?=,`)"";""\WSTRVN`(?=/`)"";""\WSTRAV`(?=\s`)"";""\WSTRAVN`(?=/`)"";""\WSTRVN`(?=\s`)"";""\WSTRAVE`(?=,`)"";""\WSTRAVN`(?=\s`)"";""\WSTRVNUE`(?=,`)"";""\WSTRAVE`(?=/`)""	 Stravenue	3
""\WSTREAM`(?=/`)"";""\WSTRM`(?=,`)"";""\WSTREAM`(?=\s`)"";""\WSTRM`(?=/`)"";""\WSTRM`(?=\s`)"";""\WSTREME`(?=,`)"";""\WSTREME`(?=/`)"";""\WSTREAM`(?=,`)"";""\WSTREME`(?=\s`)""	 Stream	3
""\WSUMMIT`(?=,`)"";""\WSUMMIT`(?=/`)"";""\WSUMMIT`(?=\s`)"";""\WSMT`(?=,`)"";""\WSMT`(?=/`)"";""\WSMT`(?=\s`)"";""\WSUMIT`(?=,`)"";""\WSUMIT`(?=/`)"";""\WSUMIT`(?=\s`)"";""\WSUMITT`(?=,`)"";""\WSUMITT`(?=/`)"";""\WSUMITT`(?=\s`)""	 Summit	3
""\WTERRACE`(?=\s`)"";""\WTER`(?=,`)"";""\WTER`(?=/`)"";""\WTER`(?=\s`)"";""\WTERR`(?=,`)"";""\WTERR`(?=/`)"";""\WTERR`(?=\s`)"";""\WTERRACE`(?=,`)"";""\WTERRACE`(?=/`)"";""\bTer\b"";""\bTR\b""	 Terrace 	3
""\WTHROUGHWAY`(?=,`)"";""\WTHROUGHWAY`(?=/`)"";""\WTHROUGHWAY`(?=\s`)"";""\WTRWY`(?=,`)"";""\WTRWY`(?=/`)"";""\WTRWY`(?=\s`)""	 Throughway	3
""\WTRACE`(?=,`)"";""\WTRACE`(?=/`)"";""\WTRACE`(?=\s`)"";""\WTRCE`(?=,`)"";""\WTRACES`(?=,`)"";""\WTRCE`(?=/`)"";""\WTRACES`(?=/`)"";""\WTRCE`(?=\s`)"";""\WTRACES`(?=\s`)""	 Trace	3
""\WTRACK`(?=\s`)"";""\WTRK`(?=,`)"";""\WTRACKS`(?=,`)"";""\WTRK`(?=/`)"";""\WTRACKS`(?=/`)"";""\WTRAK`(?=,`)"";""\WTRK`(?=\s`)"";""\WTRACKS`(?=\s`)"";""\WTRAK`(?=/`)"";""\WTRKS`(?=,`)"";""\WTRAK`(?=\s`)"";""\WTRKS`(?=/`)"";""\WTRKS`(?=\s`)"";""\WTRACK`(?=,`)"";""\WTRACK`(?=/`)""	 Track	3
""\WTRFY`(?=\s`)"";""\WTRAFFICWAY`(?=,`)"";""\WTRAFFICWAY`(?=/`)"";""\WTRAFFICWAY`(?=\s`)"";""\WTRFY`(?=,`)"";""\WTRFY`(?=/`)""	 Trafficway	3
""\bTL\b"";""\WTR`(?=,`)"";""\WTRLS`(?=/`)"";""\WTRAILS`(?=/`)"";""\WTR`(?=/`)"";""\WTRLS`(?=\s`)"";""\WTRAILS`(?=\s`)"";""\WTR`(?=\s`)"";""\WTRL`(?=,`)"";""\WTRAIL`(?=,`)"";""\WTRL`(?=/`)"";""\WTRAIL`(?=/`)"";""\WTRL`(?=\s`)"";""\WTRAIL`(?=\s`)"";""\WTRLS`(?=,`)"";""\WTRAILS`(?=,`)"";""\btrl\b""	 Trail	3
""\WTUNNEL`(?=/`)"";""\WTUNEL`(?=,`)"";""\WTUNNEL`(?=\s`)"";""\WTUNEL`(?=/`)"";""\WTUNNELS`(?=,`)"";""\WTUNEL`(?=\s`)"";""\WTUNNELS`(?=/`)"";""\WTUNL`(?=,`)"";""\WTUNNELS`(?=\s`)"";""\WTUNL`(?=/`)"";""\WTUNNL`(?=,`)"";""\WTUNL`(?=\s`)"";""\WTUNNL`(?=/`)"";""\WTUNLS`(?=,`)"";""\WTUNNL`(?=\s`)"";""\WTUNLS`(?=/`)"";""\WTUNLS`(?=\s`)"";""\WTUNNEL`(?=,`)""	 Tunnel	3
""\WTURNPK`(?=,`)"";""\WTURNPK`(?=/`)"";""\WTRNPK`(?=,`)"";""\WTURNPK`(?=\s`)"";""\WTRNPK`(?=/`)"";""\WTRNPK`(?=\s`)"";""\WTPK`(?=,`)"";""\WTRPK`(?=,`)"";""\WTPK`(?=/`)"";""\WTRPK`(?=/`)"";""\WTPK`(?=\s`)"";""\WTRPK`(?=\s`)"";""\WTPKE`(?=,`)"";""\WTURNPIKE`(?=,`)"";""\WTPKE`(?=/`)"";""\WTURNPIKE`(?=/`)"";""\WTPKE`(?=\s`)"";""\WTURNPIKE`(?=\s`)"";""\bTPKE\b"";	 Turnpike	3
""\WUNDERPASS`(?=,`)"";""\WUNDERPASS`(?=/`)"";""\WUPAS`(?=,`)"";""\WUNDERPASS`(?=\s`)"";""\WUPAS`(?=/`)"";""\WUPAS`(?=\s`)""	 Underpass	3
""\WUNION`(?=\s`)"";""\WUN`(?=,`)"";""\WUN`(?=/`)"";""\WUN`(?=\s`)"";""\WUNION`(?=,`)"";""\WUNION`(?=/`)""	 Union	3
""\WUNIONS`(?=,`)"";""\WUNIONS`(?=/`)"";""\WUNIONS`(?=\s`)"";""\WUNS`(?=,`)"";""\WUNS`(?=/`)"";""\WUNS`(?=\s`)""	 Unions	3
""\WVALLEY`(?=,`)"";""\WVALLEY`(?=/`)"";""\WVLLY`(?=,`)"";""\WVALLEY`(?=\s`)"";""\WVLLY`(?=/`)"";""\WVLLY`(?=\s`)"";""\WVLY`(?=,`)"";""\WVLY`(?=/`)"";""\WVALLY`(?=,`)"";""\WVLY`(?=\s`)"";""\WVALLY`(?=/`)"";""\WVALLY`(?=\s`)""	 Valley	3
""\WVALLEYS`(?=,`)"";""\WVALLEYS`(?=/`)"";""\WVALLEYS`(?=\s`)"";""\WVLYS`(?=,`)"";""\WVLYS`(?=/`)"";""\WVLYS`(?=\s`)""	 Valleys	3
""\WVDCT`(?=\s`)"";""\WVIA`(?=,`)"";""\WVIA`(?=/`)"";""\WVIA`(?=\s`)"";""\WVIADCT`(?=,`)"";""\WVIADCT`(?=/`)"";""\WVIADCT`(?=\s`)"";""\WVIADUCT`(?=,`)"";""\WVIADUCT`(?=/`)"";""\WVDCT`(?=,`)"";""\WVIADUCT`(?=\s`)"";""\WVDCT`(?=/`)""	 Viaduct	3
""\WVIEW`(?=/`)"";""\WVIEW`(?=\s`)"";""\WVW`(?=,`)"";""\WVW`(?=/`)"";""\WVW`(?=\s`)"";""\WVIEW`(?=,`)"";""\bvw\b""	 View	3
""\WVWS`(?=\s`)"";""\WVIEWS`(?=,`)"";""\WVIEWS`(?=/`)"";""\WVIEWS`(?=\s`)"";""\WVWS`(?=,`)"";""\WVWS`(?=/`)""	 Views	3
""\WVILLAG`(?=\s`)"";""\WVILLG`(?=/`)"";""\WVILLAGE`(?=,`)"";""\WVILLG`(?=\s`)"";""\WVILLAGE`(?=/`)"";""\WVILLIAGE`(?=,`)"";""\WVILLAGE`(?=\s`)"";""\WVILLIAGE`(?=/`)"";""\WVILLIAGE`(?=\s`)"";""\WVILL`(?=,`)"";""\WVILL`(?=/`)"";""\WVLG`(?=,`)"";""\WVILL`(?=\s`)"";""\WVLG`(?=/`)"";""\WVILLAG`(?=,`)"";""\WVLG`(?=\s`)"";""\WVILLAG`(?=/`)"";""\WVILLG`(?=,`)""	 Village	3
""\WVLGS`(?=/`)"";""\WVLGS`(?=\s`)"";""\WVILLAGES`(?=,`)"";""\WVILLAGES`(?=/`)"";""\WVILLAGES`(?=\s`)"";""\WVLGS`(?=,`)""	 Villages	3
""\WVL`(?=,`)"";""\WVL`(?=/`)"";""\WVL`(?=\s`)"";""\WVILLE`(?=,`)"";""\WVILLE`(?=/`)"";""\WVILLE`(?=\s`)""	 Ville	3
""\WVST`(?=,`)"";""\WVISTA`(?=,`)"";""\WVST`(?=/`)"";""\WVISTA`(?=/`)"";""\WVST`(?=\s`)"";""\WVISTA`(?=\s`)"";""\WVSTA`(?=,`)"";""\WVSTA`(?=/`)"";""\WVIS`(?=,`)"";""\WVSTA`(?=\s`)"";""\WVIS`(?=/`)"";""\WVIS`(?=\s`)"";""\WVIST`(?=,`)"";""\WVIST`(?=/`)"";""\WVIST`(?=\s`)""	 Vista	3
""\WWALK`(?=,`)"";""\WWALK`(?=/`)"";""\WWALK`(?=\s`)"";""\WWALKS`(?=,`)"";""\WWALKS`(?=/`)"";""\WWALKS`(?=\s`)""	 Walks	3
""\WWALL`(?=,`)"";""\WWALL`(?=/`)"";""\WWALL`(?=\s`)""	 Wall	3
""\WWAY`(?=,`)"";""\WWAY`(?=/`)"";""\WWAY`(?=\s`)"";""\WWY`(?=,`)"";""\WWY`(?=/`)"";""\WWY`(?=\s`)"";""\bWY\b""	 Way	3
""\WWAYS`(?=,`)"";""\WWAYS`(?=/`)"";""\WWAYS`(?=\s`)""	 Ways	3
""\WWL`(?=,`)"";""\WWL`(?=/`)"";""\WWL`(?=\s`)"";""\WWELL`(?=,`)"";""\WWELL`(?=/`)"";""\WWELL`(?=\s`)""	 Well	3
""\WWELLS`(?=\s`)"";""\WWLS`(?=,`)"";""\WWLS`(?=/`)"";""\WWLS`(?=\s`)"";""\WWELLS`(?=,`)"";""\WWELLS`(?=/`)""	 Wells	3
""11TH ST WST E""	11th Street West East	1
""\bApt\b"";""\bAPT\b"";""\bApartment\b""	Apt.	3
""@""	at	5
""/Att business""	ATT Business	1
""\bBritai\b""	Britain	3
""C\/O ""	care of 	3
of care of	care of	3
""\bCt\b""	Court	3
""DR-HOUSTON""	Drive 	1
""\bE.?`(?=\s|\/|$`)"";""\beast\b""	East 	3
""\bE LEAGUE ""	East League 	3
""\bfederal hy\b""	Federal Highway	3
""\bFLR\b"";""\bflr\b""	floor	3
""\bFWY SER\b"";""\bfwy ser\b""	Freeway Service Road	3
""\bPMB""	mailbox 	3
""\bN.?`(?=\s|\/|$`)"";""\bnorth\b""	North 	3
""\bNe "";""\bne ""	Northeast 	3
""\bNw "";""\bnw ""	Northwest 	3
""\bPkwy\b"";""\bPkw\b"";""\bpky\b""	Parkway 	3
\bpk\b.?	Pike	3
""^25 \&"";""^25 and""	Route 25 and 	3
""\bSER\b"";""\bser\b""	Service Road	3
""`(?<!\'`)\bS.?`(?=\s|\/|$`)"";""\bsouth\b""	South 	3
""\bSe "";""\bse ""	Southeast 	3
""\bSw "";""\bsw ""	Southwest 	3
""\bSh ""	State Highway 	3
""\bSr-""	State Route 	3
""\bSR\b""	State Route	3
""\bST\b.?""	Street	3
""\bSTE\b"";""\bSte\b""	Suite	3
""TWP ""	Township	3
""\bW.?`(?=\s|\/|$`)"";""\bwest\b""	West 	1
